1 2 300 300 0% 0.847 5.015 303.362 23.230
1 3 300 300 0% 1.097 10.814 440.880 34.873
1 4 301 290 3% 2.353 31.263 762.871 86.090
1 5 302 285 5% 1.067 27.858 931.247 94.954
2 1 300 300 0% 0.763 4.996 324.761 20.094
2 3 300 300 0% 0.783 9.245 381.109 32.733
2 4 302 292 3% 1.367 34.846 799.854 94.631
2 5 302 281 6% 0.835 28.224 623.662 87.216
3 1 300 300 0% 0.724 11.892 281.353 38.733
3 2 300 300 0% 0.035 9.939 406.645 35.259
3 4 301 297 1% 0.072 31.166 479.969 80.682
3 5 301 287 4% 0.946 27.226 973.016 89.796
4 1 301 291 3% 2.068 34.640 751.635 95.632
4 2 300 296 1% 2.144 36.690 734.673 97.829
4 3 301 296 1% 0.868 36.211 976.085 103.199
4 5 300 291 3% 0.968 36.995 923.925 106.327
5 1 302 288 4% 0.079 32.161 730.412 98.790
5 2 302 283 6% 0.698 34.785 766.133 108.999
5 3 302 287 4% 0.954 35.926 691.056 101.874
5 4 301 290 3% 1.089 22.977 611.801 62.661
