1 2 300 300 0% 0.936 16.023 412.936 50.307
1 3 300 300 0% 0.080 11.291 359.119 37.561
1 4 300 300 0% 0.031 20.359 532.280 56.550
1 5 302 235 22% 0.060 35.339 973.388 115.825
2 1 300 300 0% 1.074 24.255 347.991 57.676
2 3 300 300 0% 0.048 23.221 467.642 59.253
2 4 300 300 0% 2.020 22.505 524.918 66.287
2 5 306 247 19% 0.026 37.811 874.061 124.106
3 1 300 300 0% 0.034 17.272 540.566 52.692
3 2 300 300 0% 0.086 27.451 542.092 76.771
3 4 300 300 0% 0.887 16.115 479.561 53.600
3 5 305 283 7% 0.026 72.752 869.531 157.316
4 1 300 300 0% 2.353 23.687 588.703 71.899
4 2 300 300 0% 2.168 44.815 622.602 94.534
4 3 300 300 0% 0.954 15.155 412.817 44.012
4 5 303 277 8% 0.635 66.435 915.506 132.790
5 1 303 233 23% 1.050 40.618 983.817 122.130
5 2 303 249 17% 1.043 40.931 915.689 116.780
5 3 304 286 5% 1.132 61.330 1005.397 142.861
5 4 305 274 10% 1.115 45.027 671.212 104.442
