1 2 300 300 0% 0.778 11.751 461.545 42.979
1 3 300 300 0% 0.082 6.386 424.159 27.644
1 4 572 300 47% 0.013 11.046 462.439 42.557
1 5 572 300 47% 0.012 8.136 447.863 41.269
2 1 300 300 0% 0.077 13.998 317.235 43.504
2 3 300 300 0% 0.051 19.254 592.868 66.548
2 4 300 300 0% 2.001 20.017 716.562 70.385
2 5 300 261 13% 1.101 12.973 587.496 53.899
3 1 300 300 0% 1.093 7.320 359.051 29.045
3 2 300 300 0% 0.050 22.190 471.159 65.210
3 4 300 300 0% 0.050 12.059 303.383 38.206
3 5 303 276 8% 0.057 23.517 850.583 68.968
4 1 300 300 0% 0.572 19.025 620.444 65.353
4 2 300 300 0% 1.906 26.310 833.780 101.112
4 3 300 300 0% 0.059 9.408 356.429 34.255
4 5 301 288 4% 0.708 22.706 527.359 60.785
5 1 301 269 10% 0.052 24.210 669.802 72.573
5 2 300 261 13% 0.058 25.352 822.207 84.029
5 3 301 275 8% 1.114 22.682 928.300 85.578
5 4 300 291 3% 1.070 31.143 827.894 87.476
