1 2 300 299 0% 0.086 24.989 539.481 79.082
1 3 300 300 0% 0.685 16.467 557.945 55.577
1 4 560 300 46% 0.945 44.608 825.094 135.835
1 5 559 300 46% 0.014 25.467 714.876 107.229
2 1 300 300 0% 0.061 24.116 436.433 71.562
2 3 300 298 0% 0.066 29.724 644.081 96.282
2 4 302 293 2% 1.869 44.991 847.746 138.028
2 5 303 266 12% 0.845 27.823 940.279 97.227
3 1 300 300 0% 0.054 14.525 407.099 47.264
3 2 300 300 0% 0.076 33.813 851.145 114.977
3 4 300 298 0% 0.038 24.064 811.656 84.468
3 5 301 275 8% 0.027 26.260 491.408 75.155
4 1 300 298 0% 2.200 41.600 968.025 131.503
4 2 302 296 1% 0.050 44.885 874.630 130.701
4 3 300 299 0% 0.048 26.880 699.916 91.963
4 5 306 284 7% 0.023 36.995 956.118 95.324
5 1 301 260 13% 0.923 33.870 822.000 95.499
5 2 301 265 11% 0.022 28.344 714.984 82.856
5 3 301 272 9% 1.090 25.006 476.387 70.373
5 4 307 284 7% 0.023 30.215 725.576 83.802
