1 2 300 298 0% 0.695 5.834 562.518 32.721
1 3 300 300 0% 0.031 4.852 107.344 10.635
1 4 300 300 0% 2.170 9.103 332.782 31.975
1 5 300 290 3% 0.060 15.258 542.755 52.294
2 1 300 300 0% 0.669 5.918 182.378 15.975
2 3 300 300 0% 1.025 4.440 81.631 9.379
2 4 300 300 0% 0.077 8.475 228.675 22.387
2 5 300 293 2% 0.751 16.320 879.475 71.513
3 1 300 300 0% 0.792 3.304 92.299 6.256
3 2 300 300 0% 0.191 3.895 99.208 8.502
3 4 300 300 0% 0.036 8.977 439.855 36.665
3 5 300 292 2% 0.078 12.782 415.297 40.945
4 1 300 300 0% 2.123 13.715 636.818 48.231
4 2 300 300 0% 1.903 8.630 486.221 33.712
4 3 300 300 0% 0.063 9.970 626.193 45.273
4 5 300 294 2% 0.935 15.690 937.360 65.870
5 1 300 292 2% 0.047 16.511 653.335 56.343
5 2 300 295 1% 0.125 20.370 684.593 68.508
5 3 300 293 2% 1.080 14.927 776.884 59.307
5 4 300 293 2% 1.041 13.151 367.524 32.951
