1 2 300 300 0% 0.155 16.248 292.816 47.024
1 3 300 300 0% 0.741 25.630 682.460 80.905
1 4 305 256 16% 1.889 34.255 837.807 112.926
1 5 302 263 12% 0.024 81.098 963.717 142.303
2 1 300 300 0% 0.050 16.019 359.132 48.698
2 3 300 300 0% 0.055 40.133 801.678 96.821
2 4 305 254 16% 0.056 34.984 729.628 105.346
2 5 304 263 13% 0.892 74.017 899.878 126.004
3 1 300 300 0% 0.036 25.979 455.548 68.016
3 2 300 299 0% 0.867 35.062 527.411 84.462
3 4 302 258 14% 0.051 43.382 884.291 135.365
3 5 301 274 8% 0.046 83.377 941.562 140.561
4 1 304 259 14% 0.072 38.211 781.366 112.856
4 2 301 254 15% 0.030 34.436 955.349 109.283
4 3 307 255 16% 1.018 28.259 954.339 99.508
4 5 305 237 22% 0.655 72.776 982.120 157.849
5 1 304 258 15% 0.080 69.018 755.683 112.656
5 2 305 261 14% 0.902 77.733 682.490 118.166
5 3 302 274 9% 1.020 77.651 932.238 127.033
5 4 308 234 24% 0.038 74.342 729.258 134.748
